# block 90:10 50:10 90:50 50:50 50:90 10:50 10:90
0.000 0.430 0.451 0.404 0.655 0.425 0.364 0.543
1.000 0.747 0.657 0.480 0.635 0.362 0.156 0.208
2.000 0.889 0.760 0.561 0.595 0.288 0.130 0.059
3.000 0.958 0.855 0.640 0.628 0.206 0.124 0.020
4.000 0.992 0.844 0.702 0.541 0.178 0.050 0.013
5.000 1.000 0.848 0.734 0.465 0.146 0.088 0.000
6.000 1.000 0.850 0.770 0.422 0.148 0.067 0.003
7.000 0.997 0.853 0.762 0.483 0.143 0.085 0.000
8.000 1.000 0.914 0.789 0.495 0.119 0.059 0.008
9.000 1.000 0.924 0.803 0.472 0.104 0.050 0.008
